33146
33145
33147
33150
33149
33154
33153
33156
33155
33158
33157
33160
33162
33161
33166
33165
33168
33167
33170
33169
33173
33172
33175
33174
33177
33176
33179
33178
33181
33180
33183
33182
33185
33184
33187
33186
33189
33188
33190
33194
33193
33196
33199
33239
33269
33106
33010
33013
33012
33015
33014
33016
33018
33027
33031
33030
33033
33032
33035
33034
33037
33039
33055
33054
33056
33195
33090
33092
33101
33109
33112
33116
33114
33119
33122
33126
33125
33128
33127
33130
33129
33132
33131
33134
33133
33136
33135
33138
33137
33140
33139
33142
33141
33144
33143